1111100000001111111111000000000000000011111111111111111110000000000000000000000001111111111111111111111111111111100000000000000000000000000000000000000000000000111111111111111111111111111111111111111111111111111111111111111111111111111111111111111111111111
1111100000001111111111000000000000000011111111111111111110000000000000000000000001111111111111111111111111111111100000000000000000000000000000000000000000000000111111111111111111111111111111111111111111111111111111111111111111111111111111111111111111111110
1111100000001111111111000000000000000011111111111111111110000000000000000000000001111111111111111111111111111111100000000000000000000000000000000000000000000001111111111111111111111111111111111111111111111111111111111111111111111111111111111111111111111100
1111100000001111111111000000000000000011111111111111111110000000000000000000000001111111111111111111111111111111000000000000000000000000000000000000000000000001111111111111111111111111111111111111111111111111111111111111111111111111111111111111111111111000
1111100000001111111111000000000000000011111111111111111110000000000000000000000011111111111111111111111111111111000000000000000000000000000000000000000000000011111111111111111111111111111111111111111111111111111111111111111111111111111111111111111111110000
1111100000001111111111000000000000000011111111111111111100000000000000000000000011111111111111111111111111111111000000000000000000000000000000000000000000000011111111111111111111111111111111111111111111111111111111111111111111111111111111111111111111100000
1111100000001111111111000000000000000111111111111111111100000000000000000000000011111111111111111111111111111110000000000000000000000000000000000000000000000111111111111111111111111111111111111111111111111111111111111111111111111111111111111111111111000000
1111100000001111111111000000000000000111111111111111111100000000000000000000000011111111111111111111111111111110000000000000000000000000000000000000000000000111111111111111111111111111111111111111111111111111111111111111111111111111111111111111111110000000
1111100000001111111111000000000000000111111111111111111100000000000000000000000111111111111111111111111111111110000000000000000000000000000000000000000000001111111111111111111111111111111111111111111111111111111111111111111111111111111111111111111100000000
1111100000001111111110000000000000000111111111111111111100000000000000000000000111111111111111111111111111111100000000000000000000000000000000000000000000001111111111111111111111111111111111111111111111111111111111111111111111111111111111111111111000000000
1111100000001111111110000000000000000111111111111111111000000000000000000000000111111111111111111111111111111100000000000000000000000000000000000000000000011111111111111111111111111111111111111111111111111111111111111111111111111111111111111111110000000000
1111100000001111111110000000000000000111111111111111111000000000000000000000000111111111111111111111111111111100000000000000000000000000000000000000000000011111111111111111111111111111111111111111111111111111111111111111111111111111111111111111100000000000
1111100000011111111110000000000000001111111111111111111000000000000000000000001111111111111111111111111111111000000000000000000000000000000000000000000000111111111111111111111111111111111111111111111111111111111111111111111111111111111111111111000000000000
1111000000011111111110000000000000001111111111111111111000000000000000000000001111111111111111111111111111111000000000000000000000000000000000000000000000111111111111111111111111111111111111111111111111111111111111111111111111111111111111111110000000000000
1111000000011111111110000000000000001111111111111111111000000000000000000000001111111111111111111111111111111000000000000000000000000000000000000000000001111111111111111111111111111111111111111111111111111111111111111111111111111111111111111100000000000000
1111000000011111111110000000000000001111111111111111110000000000000000000000001111111111111111111111111111110000000000000000000000000000000000000000000001111111111111111111111111111111111111111111111111111111111111111111111111111111111111111000000000000000
1111000000011111111110000000000000001111111111111111110000000000000000000000011111111111111111111111111111110000000000000000000000000000000000000000000011111111111111111111111111111111111111111111111111111111111111111111111111111111111111110000000000000000
1111000000011111111110000000000000001111111111111111110000000000000000000000011111111111111111111111111111110000000000000000000000000000000000000000000011111111111111111111111111111111111111111111111111111111111111111111111111111111111111100000000000000000
1111000000011111111100000000000000011111111111111111110000000000000000000000011111111111111111111111111111100000000000000000000000000000000000000000000111111111111111111111111111111111111111111111111111111111111111111111111111111111111111000000000000000000
1111000000011111111100000000000000011111111111111111110000000000000000000000011111111111111111111111111111100000000000000000000000000000000000000000000111111111111111111111111111111111111111111111111111111111111111111111111111111111111110000000000000000000
1111000000011111111100000000000000011111111111111111100000000000000000000000111111111111111111111111111111100000000000000000000000000000000000000000001111111111111111111111111111111111111111111111111111111111111111111111111111111111111100000000000000000000
1111000000011111111100000000000000011111111111111111100000000000000000000000111111111111111111111111111111000000000000000000000000000000000000000000001111111111111111111111111111111111111111111111111111111111111111111111111111111111111000000000000000000000
1111000000011111111100000000000000011111111111111111100000000000000000000000111111111111111111111111111111000000000000000000000000000000000000000000011111111111111111111111111111111111111111111111111111111111111111111111111111111111110000000000000000000000
1111000000011111111100000000000000011111111111111111100000000000000000000000111111111111111111111111111111000000000000000000000000000000000000000000011111111111111111111111111111111111111111111111111111111111111111111111111111111111100000000000000000000000
1111000000111111111100000000000000111111111111111111100000000000000000000001111111111111111111111111111110000000000000000000000000000000000000000000111111111111111111111111111111111111111111111111111111111111111111111111111111111111000000000000000000000000
1111000000111111111100000000000000111111111111111111000000000000000000000001111111111111111111111111111110000000000000000000000000000000000000000000111111111111111111111111111111111111111111111111111111111111111111111111111111111110000000000000000000000000
1110000000111111111100000000000000111111111111111111000000000000000000000001111111111111111111111111111110000000000000000000000000000000000000000001111111111111111111111111111111111111111111111111111111111111111111111111111111111100000000000000000000000000
1110000000111111111000000000000000111111111111111111000000000000000000000001111111111111111111111111111100000000000000000000000000000000000000000001111111111111111111111111111111111111111111111111111111111111111111111111111111111000000000000000000000000000
1110000000111111111000000000000000111111111111111111000000000000000000000011111111111111111111111111111100000000000000000000000000000000000000000011111111111111111111111111111111111111111111111111111111111111111111111111111111110000000000000000000000000000
1110000000111111111000000000000000111111111111111111000000000000000000000011111111111111111111111111111100000000000000000000000000000000000000000011111111111111111111111111111111111111111111111111111111111111111111111111111111100000000000000000000000000000
1110000000111111111000000000000001111111111111111110000000000000000000000011111111111111111111111111111000000000000000000000000000000000000000000111111111111111111111111111111111111111111111111111111111111111111111111111111111000000000000000000000000000000
1110000000111111111000000000000001111111111111111110000000000000000000000011111111111111111111111111111000000000000000000000000000000000000000000111111111111111111111111111111111111111111111111111111111111111111111111111111110000000000000000000000000000000
1110000000111111111000000000000001111111111111111110000000000000000000000111111111111111111111111111111000000000000000000000000000000000000000001111111111111111111111111111111111111111111111111111111111111111111111111111111100000000000000000000000000000000
1110000000111111111000000000000001111111111111111110000000000000000000000111111111111111111111111111110000000000000000000000000000000000000000001111111111111111111111111111111111111111111111111111111111111111111111111111111000000000000000000000000000000000
1110000000111111111000000000000001111111111111111110000000000000000000000111111111111111111111111111110000000000000000000000000000000000000000011111111111111111111111111111111111111111111111111111111111111111111111111111110000000000000000000000000000000000
1110000000111111111000000000000001111111111111111100000000000000000000000111111111111111111111111111110000000000000000000000000000000000000000011111111111111111111111111111111111111111111111111111111111111111111111111111100000000000000000000000000000000000
1110000001111111110000000000000011111111111111111100000000000000000000001111111111111111111111111111100000000000000000000000000000000000000000111111111111111111111111111111111111111111111111111111111111111111111111111111000000000000000000000000000000000000
1110000001111111110000000000000011111111111111111100000000000000000000001111111111111111111111111111100000000000000000000000000000000000000000111111111111111111111111111111111111111111111111111111111111111111111111111110000000000000000000000000000000000000
1110000001111111110000000000000011111111111111111100000000000000000000001111111111111111111111111111100000000000000000000000000000000000000001111111111111111111111111111111111111111111111111111111111111111111111111111100000000000000000000000000000000000000
1100000001111111110000000000000011111111111111111100000000000000000000001111111111111111111111111111000000000000000000000000000000000000000001111111111111111111111111111111111111111111111111111111111111111111111111111000000000000000000000000000000000000000
1100000001111111110000000000000011111111111111111000000000000000000000011111111111111111111111111111000000000000000000000000000000000000000011111111111111111111111111111111111111111111111111111111111111111111111111110000000000000000000000000000000000000000
1100000001111111110000000000000011111111111111111000000000000000000000011111111111111111111111111111000000000000000000000000000000000000000011111111111111111111111111111111111111111111111111111111111111111111111111100000000000000000000000000000000000000000
1100000001111111110000000000000111111111111111111000000000000000000000011111111111111111111111111110000000000000000000000000000000000000000111111111111111111111111111111111111111111111111111111111111111111111111111000000000000000000000000000000000000000000
1100000001111111110000000000000111111111111111111000000000000000000000011111111111111111111111111110000000000000000000000000000000000000000111111111111111111111111111111111111111111111111111111111111111111111111110000000000000000000000000000000000000000000
1100000001111111110000000000000111111111111111111000000000000000000000111111111111111111111111111110000000000000000000000000000000000000001111111111111111111111111111111111111111111111111111111111111111111111111100000000000000000000000000000000000000000000
1100000001111111100000000000000111111111111111110000000000000000000000111111111111111111111111111100000000000000000000000000000000000000001111111111111111111111111111111111111111111111111111111111111111111111111000000000000000000000000000000000000000000000
1100000001111111100000000000000111111111111111110000000000000000000000111111111111111111111111111100000000000000000000000000000000000000011111111111111111111111111111111111111111111111111111111111111111111111110000000000000000000000000000000000000000000000
1100000001111111100000000000000111111111111111110000000000000000000000111111111111111111111111111100000000000000000000000000000000000000011111111111111111111111111111111111111111111111111111111111111111111111100000000000000000000000000000000000000000000000
1100000011111111100000000000001111111111111111110000000000000000000001111111111111111111111111111000000000000000000000000000000000000000111111111111111111111111111111111111111111111111111111111111111111111111000000000000000000000000000000000000000000000000
1100000011111111100000000000001111111111111111110000000000000000000001111111111111111111111111111000000000000000000000000000000000000000111111111111111111111111111111111111111111111111111111111111111111111110000000000000000000000000000000000000000000000000
1100000011111111100000000000001111111111111111100000000000000000000001111111111111111111111111111000000000000000000000000000000000000001111111111111111111111111111111111111111111111111111111111111111111111100000000000000000000000000000000000000000000000000
1100000011111111100000000000001111111111111111100000000000000000000001111111111111111111111111110000000000000000000000000000000000000001111111111111111111111111111111111111111111111111111111111111111111111000000000000000000000000000000000000000000000000000
1000000011111111000000000000001111111111111111100000000000000000000011111111111111111111111111110000000000000000000000000000000000000011111111111111111111111111111111111111111111111111111111111111111111110000000000000000000000000000000000000000000000000000
1000000011111111000000000000001111111111111111100000000000000000000011111111111111111111111111110000000000000000000000000000000000000011111111111111111111111111111111111111111111111111111111111111111111100000000000000000000000000000000000000000000000000000
1000000011111111000000000000011111111111111111100000000000000000000011111111111111111111111111100000000000000000000000000000000000000111111111111111111111111111111111111111111111111111111111111111111111000000000000000000000000000000000000000000000000000000
1000000011111111000000000000011111111111111111000000000000000000000011111111111111111111111111100000000000000000000000000000000000000111111111111111111111111111111111111111111111111111111111111111111110000000000000000000000000000000000000000000000000000000
1000000011111111000000000000011111111111111111000000000000000000000111111111111111111111111111100000000000000000000000000000000000001111111111111111111111111111111111111111111111111111111111111111111100000000000000000000000000000000000000000000000000000000
1000000011111111000000000000011111111111111111000000000000000000000111111111111111111111111111000000000000000000000000000000000000001111111111111111111111111111111111111111111111111111111111111111111000000000000000000000000000000000000000000000000000000000
1000000011111111000000000000011111111111111111000000000000000000000111111111111111111111111111000000000000000000000000000000000000011111111111111111111111111111111111111111111111111111111111111111110000000000000000000000000000000000000000000000000000000000
1000000011111111000000000000011111111111111111000000000000000000000111111111111111111111111111000000000000000000000000000000000000011111111111111111111111111111111111111111111111111111111111111111100000000000000000000000000000000000000000000000000000000000
1000000111111111000000000000111111111111111110000000000000000000001111111111111111111111111110000000000000000000000000000000000000111111111111111111111111111111111111111111111111111111111111111111000000000000000000000000000000000000000000000000000000000000
1000000111111110000000000000111111111111111110000000000000000000001111111111111111111111111110000000000000000000000000000000000000111111111111111111111111111111111111111111111111111111111111111110000000000000000000000000000000000000000000000000000000000000
1000000111111110000000000000111111111111111110000000000000000000001111111111111111111111111110000000000000000000000000000000000001111111111111111111111111111111111111111111111111111111111111111100000000000000000000000000000000000000000000000000000000000000
1000000111111110000000000000111111111111111110000000000000000000001111111111111111111111111100000000000000000000000000000000000001111111111111111111111111111111111111111111111111111111111111111000000000000000000000000000000000000000000000000000000000000000
1000000111111110000000000000111111111111111110000000000000000000011111111111111111111111111100000000000000000000000000000000000011111111111111111111111111111111111111111111111111111111111111110000000000000000000000000000000000000000000000000000000000000000
0000000111111110000000000000111111111111111100000000000000000000011111111111111111111111111100000000000000000000000000000000000011111111111111111111111111111111111111111111111111111111111111100000000000000000000000000000000000000000000000000000000000000000
0000000111111110000000000001111111111111111100000000000000000000011111111111111111111111111000000000000000000000000000000000000111111111111111111111111111111111111111111111111111111111111111000000000000000000000000000000000000000000000000000000000000000000
0000000111111110000000000001111111111111111100000000000000000000011111111111111111111111111000000000000000000000000000000000000111111111111111111111111111111111111111111111111111111111111110000000000000000000000000000000000000000000000000000000000000000000
0000000111111110000000000001111111111111111100000000000000000000111111111111111111111111111000000000000000000000000000000000001111111111111111111111111111111111111111111111111111111111111100000000000000000000000000000000000000000000000000000000000000000000
0000000111111110000000000001111111111111111100000000000000000000111111111111111111111111110000000000000000000000000000000000001111111111111111111111111111111111111111111111111111111111111000000000000000000000000000000000000000000000000000000000000000000000
0000000111111100000000000001111111111111111000000000000000000000111111111111111111111111110000000000000000000000000000000000011111111111111111111111111111111111111111111111111111111111110000000000000000000000000000000000000000000000000000000000000000000000
0000000111110100000000000001111111111111111000000000000000000000111111111111111111111111110000000000000000000000000000000000011111111111111111111111111111111111111111111111111111111111100000000000000000000000000000000000000000000000000000000000000000000000
0000001111111100000000000011111111111111111000000000000000000001111111111111111111111111100000000000000000000000000000000000111111111111111111111111111111111111111111111111111111111111000000000000000000000000000000000000000000000000000000000000000000000000
0000001111111100000000000011111111111111111000000000000000000001111111111111111111111111100000000000000000000000000000000000111111111111111111111111111111111111111111111111111111111110000000000000000000000000000000000000000000000000000000000000000000000000
0000001111111100000000000011111111111111111000000000000000000001111111111111111111111111100000000000000000000000000000000001111111111111111111111111111111111111111111111111111111111100000000000000000000000000000000000000000000000000000000000000000000000000
0000001111111100000000000011111111111111110000000000000000000001111111111111111111111111000000000000000000000000000000000001111111111111111111111111111111111111111111111111111111111000000000000000000000000000000000000000000000000000000000000000000000000000
0000001111111100000000000011111111111111110000000000000000000011111111111111111111111111000000000000000000000000000000000011111111111111111111111111111111111111111111111111111111110000000000000000000000000000000000000000000000000000000000000000000000000000
0000001111111100000000000011111111111111110000000000000000000011111111111111111111111111000000000000000000000000000000000011111111111111111111111111111111111111111111111111111111100000000000000000000000000000000000000000000000000000000000000000000000000000
0000001111111100000000000111111111111111110000000000000000000011111111111111111111111110000000000000000000000000000000000111111111111111111111111111111111111111111111111111111111000000000000000000000000000000000000000000000000000000000000000000000000000000
0000001111111000000000000111111111111111110000000000000000000011111111111111111111111110000000000000000000000000000000000111111111111111111111111111111111111111111111111111111110000000000000000000000000000000000000000000000000000000000000000000000000000000
0000001111111000000000000111111111111111100000000000000000000111111111111111111111111110000000000000000000000000000000001111111111111111111111111111111111111111111111111111111100000000000000000000000000000000000000000000000000000000000000000000000000000000
0000001111111000000000000111111111111111100000000000000000000111111111111111111111111100000000000000000000000000000000001111111111111111111111111111111111111111111111111111111000000000000000000000000000000000000000000000000000000000000000000000000000000000
0000001111111000000000000111111111111111100000000000000000000111111111111111111111111100000000000000000000000000000000011111111111111111111111111111111111111111111111111111110000000000000000000000000000000000000000000000000000000000000000000000000000000000
0000001111111000000000000111111111111111100000000000000000000111111111111111111111111100000000000000000000000000000000011111111111111111111111111111111111111111111111111111100000000000000000000000000000000000000000000000000000000000000000000000000000000000
0000011111111000000000001111111111111111100000000000000000001111111111111111111111111000000000000000000000000000000000111111111111111111111111111111111111111111111111111111000000000000000000000000000000000000000000000000000000000000000000000000000000000000
0000011111111000000000001111111111111111000000000000000000001111111111111111111111111000000000000000000000000000000000111111111111111111111111111111111111111111111111111110000000000000000000000000000000000000000000000000000000000000000000000000000000000000
0000011111111000000000001111111111111111000000000000000000001111111111111111111111111000000000000000000000000000000001111111111111111111111111111111111111111111111111111100000000000000000000000000000000000000000000000000000000000000000000000000000000000000
0000011111111000000000001111111111111111000000000000000000001111111111111111111111110000000000000000000000000000000001111111111111111111111111111111111111111111111111111000000000000000000000000000000000000000000000000000000000000000000000000000000000000000
0000011111110000000000001111111111111111000000000000000000011111111111111111111111110000000000000000000000000000000011111111111111111111111111111111111111111111111111110000000000000000000000000000000000000000000000000000000000000000000000000000000000000000
0000011111110000000000001111111111111111000000000000000000011111111111111111111111110000000000000000000000000000000011111111111111111111111111111111111111111111111111100000000000000000000000000000000000000000000000000000000000000000000000000000000000000000
0000011111110000000000011111111111111110000000000000000000011111111111111111111111100000000000000000000000000000000111111111111111111111111111111111111111111111111111000000000000000000000000000000000000000000000000000000000000000000000000000000000000000000
0000011111110000000000011111111111111110000000000000000000011111111111111111111111100000000000000000000000000000000111111111111111111111111111111111111111111111111110000000000000000000000000000000000000000000000000000000000000000000000000000000000000000000
0000011111110000000000011111111111111110000000000000000000111111111111111111111111100000000000000000000000000000001111111111111111111111111111111111111111111111111100000000000000000000000000000000000000000000000000000000000000000000000000000000000000000000
0000011111110000000000011111111111111110000000000000000000111111111111111111111111000000000000000000000000000000001111111111111111111111111111111111111111111111111000000000000000000000000000000000000000000000000000000000000000000000000000000000000000000000
0000011111110000000000011111111111111110000000000000000000111111111111111111111111000000000000000000000000000000011111111111111111111111111111111111111111111111110000000000000000000000000000000000000000000000000000000000000000000000000000000000000000000000
0000011111110000000000011111111111111100000000000000000000111111111111111111111111000000000000000000000000000000011111111111111111111111111111111111111111111111100000000000000000000000000000000000000000000000000000000000000000000000000000000000000000000000
0000011111110000000000111111111111111100000000000000000001111111111111111111111110000000000000000000000000000000011111111111111111111111111111111111111111111111000000000000000000000000000000000000000000000000000000000000000000000000000000000000000000000000
0000111111110000000000111111111111111100000000000000000001111111111111111111111110000000000000000000000000000000111111111111111111111111111111111111111111111111000000000000000000000000000000000000000000000000000000000000000000000000000000000000000000000001
0000111111110000000000111111111111111100000000000000000001111111111111111111111110000000000000000000000000000000111111111111111111111111111111111111111111111110000000000000000000000000000000000000000000000000000000000000000000000000000000000000000000000011
0000111111110000000000111111111111111100000000000000000001111111111111111111111110000000000000000000000000000000111111111111111111111111111111111111111111111110000000000000000000000000000000000000000000000000000000000000000000000000000000000000000000000111
0000111111110000000000111111111111111100000000000000000001111111111111111111111100000000000000000000000000000001111111111111111111111111111111111111111111111100000000000000000000000000000000000000000000000000000000000000000000000000000000000000000000001111
0000111111110000000000111111111111111000000000000000000011111111111111111111111100000000000000000000000000000001111111111111111111111111111111111111111111111100000000000000000000000000000000000000000000000000000000000000000000000000000000000000000000011111
0000111111110000000000111111111111111000000000000000000011111111111111111111111100000000000000000000000000000001111111111111111111111111111111111111111111111000000000000000000000000000000000000000000000000000000000000000000000000000000000000000000000111111
0000111111110000000000111111111111111000000000000000000011111111111111111111111100000000000000000000000000000011111111111111111111111111111111111111111111111000000000000000000000000000000000000000000000000000000000000000000000000000000000000000000001111111
0000111111110000000000111111111111111000000000000000000011111111111111111111111000000000000000000000000000000011111111111111111111111111111111111111111111110000000000000000000000000000000000000000000000000000000000000000000000000000000000000000000011111111
0000111111110000000001111111111111111000000000000000000011111111111111111111111000000000000000000000000000000011111111111111111111111111111111111111111111110000000000000000000000000000000000000000000000000000000000000000000000000000000000000000000111111111
0000111111110000000001111111111111111000000000000000000111111111111111111111111000000000000000000000000000000111111111111111111111111111111111111111111111100000000000000000000000000000000000000000000000000000000000000000000000000000000000000000001111111111
0000111111110000000001111111111111110000000000000000000111111111111111111111111000000000000000000000000000000111111111111111111111111111111111111111111111100000000000000000000000000000000000000000000000000000000000000000000000000000000000000000011111111111
0000111111100000000001111111111111110000000000000000000111111111111111111111110000000000000000000000000000000111111111111111111111111111111111111111111111000000000000000000000000000000000000000000000000000000000000000000000000000000000000000000111111111111
0000111111100000000001111111111111110000000000000000000111111111111111111111110000000000000000000000000000001111111111111111111111111111111111111111111111000000000000000000000000000000000000000000000000000000000000000000000000000000000000000001111111111111
0001111111100000000001111111111111110000000000000000000111111111111111111111110000000000000000000000000000001111111111111111111111111111111111111111111110000000000000000000000000000000000000000000000000000000000000000000000000000000000000000011111111111111
0001111111100000000001111111111111110000000000000000001111111111111111111111110000000000000000000000000000001111111111111111111111111111111111111111111110000000000000000000000000000000000000000000000000000000000000000000000000000000000000000111111111111111
0001111111100000000001111111111111110000000000000000001111111111111111111111100000000000000000000000000000011111111111111111111111111111111111111111111100000000000000000000000000000000000000000000000000000000000000000000000000000000000000001111111111111111
0001111111100000000001111111111111100000000000000000001111111111111111111111100000000000000000000000000000011111111111111111111111111111111111111111111100000000000000000000000000000000000000000000000000000000000000000000000000000000000000011111111111111111
0001111111100000000011111111111111100000000000000000001111111111111111111111100000000000000000000000000000011111111111111111111111111111111111111111111000000000000000000000000000000000000000000000000000000000000000000000000000000000000000111111111111111111
0001111111100000000011111111111111100000000000000000001111111111111111111111100000000000000000000000000000111111111111111111111111111111111111111111111000000000000000000000000000000000000000000000000000000000000000000000000000000000000001111111111111111111
0001111111100000000011111111111111100000000000000000011111111111111111111111000000000000000000000000000000111111111111111111111111111111111111111111110000000000000000000000000000000000000000000000000000000000000000000000000000000000000011111111111111111111
0001111111100000000011111111111111100000000000000000011111111111111111111111000000000000000000000000000000111111111111111111111111111111111111111111110000000000000000000000000000000000000000000000000000000000000000000000000000000000000111111111111111111111
0001111111100000000011111111111111100000000000000000011111111111111111111111000000000000000000000000000001111111111111111111111111111111111111111111100000000000000000000000000000000000000000000000000000000000000000000000000000000000001111111111111111111111
0001111111100000000011111111111111000000000000000000011111111111111111111111000000000000000000000000000001111111111111111111111111111111111111111111100000000000000000000000000000000000000000000000000000000000000000000000000000000000011111111111111111111111
0001111111000000000011111111111111000000000000000000011111111111111111111110000000000000000000000000000001111111111111111111111111111111111111111111000000000000000000000000000000000000000000000000000000000000000000000000000000000000111111111111111111111111
0001111111000000000011111111111111000000000000000000111111111111111111111110000000000000000000000000000011111111111111111111111111111111111111111111000000000000000000000000000000000000000000000000000000000000000000000000000000000001111111111111111111111111
0001111111000000000011111111111111000000000000000000111111111111111111111110000000000000000000000000000011111111111111111111111111111111111111111110000000000000000000000000000000000000000000000000000000000000000000000000000000000011111111111111111111111111
0011111111000000000111111111111111000000000000000000111111111111111111111110000000000000000000000000000011111111111111111111111111111111111111111110000000000000000000000000000000000000000000000000000000000000000000000000000000000111111111111111111111111111
0011111111000000000111111111111111000000000000000000111111111111111111111100000000000000000000000000000111111111111111111111111111111111111111111100000000000000000000000000000000000000000000000000000000000000000000000000000000001111111111111111111111111111
0011111111000000000111111111111110000000000000000000111111111111111111111100000000000000000000000000000111111111111111111111111111111111111111111100000000000000000000000000000000000000000000000000000000000000000000000000000000011111111111111111111111111111
0011111111000000000111111111111110000000000000000001111111111111111111111100000000000000000000000000000111111111111111111111111111111111111111111000000000000000000000000000000000000000000000000000000000000000000000000000000000111111111111111111111111111111
0011111111000000000111111111111110000000000000000001111111111111111111111100000000000000000000000000001111111111111111111111111111111111111111111000000000000000000000000000000000000000000000000000000000000000000000000000000001111111111111111111111111111111
0011111111000000000111111111111110000000000000000001111111111111111111111000000000000000000000000000001111111111111111111111111111111111111111110000000000000000000000000000000000000000000000000000000000000000000000000000000011111111111111111111111111111111
0011111111000000000111111111111110000000000000000001111111111111111111111000000000000000000000000000001111111111111111111111111111111111111111110000000000000000000000000000000000000000000000000000000000000000000000000000000111111111111111111111111111111111
0011111111000000000111111111111110000000000000000001111111111111111111111000000000000000000000000000011111111111111111111111111111111111111111100000000000000000000000000000000000000000000000000000000000000000000000000000001111111111111111111111111111111111
0011111111000000000111111111111100000000000000000011111111111111111111111000000000000000000000000000011111111111111111111111111111111111111111100000000000000000000000000000000000000000000000000000000000000000000000000000011111111111111111111111111111111111
0011111110000000001111111111111100000000000000000011111111111111111111110000000000000000000000000000011111111111111111111111111111111111111111000000000000000000000000000000000000000000000000000000000000000000000000000000111111111111111111111111111111111111
0011111110000000001111111111111100000000000000000011111111111111111111110000000000000000000000000000111111111111111111111111111111111111111111000000000000000000000000000000000000000000000000000000000000000000000000000001111111111111111111111111111111111111
0011111110000000001111111111111100000000000000000011111111111111111111110000000000000000000000000000111111111111111111111111111111111111111110000000000000000000000000000000000000000000000000000000000000000000000000000011111111111111111111111111111111111111
0011111110000000001111111111111100000000000000000011111111111111111111110000000000000000000000000000111111111111111111111111111111111111111110000000000000000000000000000000000000000000000000000000000000000000000000000111111111111111111111111111111111111111
0111111110000000001111111111111100000000000000000111111111111111111111100000000000000000000000000001111111111111111111111111111111111111111100000000000000000000000000000000000000000000000000000000000000000000000000001111111111111111111111111111111111111111
0111111110000000001111111111111000000000000000000111111111111111111111100000000000000000000000000001111111111111111111111111111111111111111100000000000000000000000000000000000000000000000000000000000000000000000000011111111111111111111111111111111111111111
0111111110000000001111111111111000000000000000000111111111111111111111100000000000000000000000000001111111111111111111111111111111111111111000000000000000000000000000000000000000000000000000000000000000000000000000111111111111111111111111111111111111111111
0111111110000000001111111111111000000000000000000111111111111111111111100000000000000000000000000011111111111111111111111111111111111111111000000000000000000000000000000000000000000000000000000000000000000000000001111111111111111111111111111111111111111111
0111111110000000001111111111111000000000000000000111111111111111111111000000000000000000000000000011111111111111111111111111111111111111110000000000000000000000000000000000000000000000000000000000000000000000000011111111111111111111111111111111111111111111
0111111110000000011111111111111000000000000000001111111111111111111111000000000000000000000000000011111111111111111111111111111111111111110000000000000000000000000000000000000000000000000000000000000000000000000111111111111111111111111111111111111111111111
0111111110000000011111111111111000000000000000001111111111111111111111000000000000000000000000000111111111111111111111111111111111111111100000000000000000000000000000000000000000000000000000000000000000000000001111111111111111111111111111111111111111111111
0111111110000000011111111111110000000000000000001111111111111111111111000000000000000000000000000111111111111111111111111111111111111111100000000000000000000000000000000000000000000000000000000000000000000000011111111111111111111111111111111111111111111111
0111111100000000011111111111110000000000000000001111111111111111111110000000000000000000000000000111111111111111111111111111111111111111000000000000000000000000000000000000000000000000000000000000000000000000111111111111111111111111111111111111111111111111
0111111100000000011111111111110000000000000000001111111111111111111110000000000000000000000000001111111111111111111111111111111111111111000000000000000000000000000000000000000000000000000000000000000000000001111111111111111111111111111111111111111111111111
0111111100000000011111111111110000000000000000011111111111111111111110000000000000000000000000001111111111111111111111111111111111111110000000000000000000000000000000000000000000000000000000000000000000000011111111111111111111111111111111111111111111111111
0111111100000000111111111111110000000000000000011111111111111111111110000000000000000000000000001111111111111111111111111111111111111110000000000000000000000000000000000000000000000000000000000000000000000111111111111111111111111111111111111111111111111111
0111111100000000111111111111110000000000000000011111111111111111111100000000000000000000000000011111111111111111111111111111111111111110000000000000000000000000000000000000000000000000000000000000000000001111111111111111111111111111111111111111111111111111
1111111100000000111111111111100000000000000000011111111111111111111100000000000000000000000000011111111111111111111111111111111111111100000000000000000000000000000000000000000000000000000000000000000000011111111111111111111111111111111111111111111111111111
1111111100000000111111111111100000000000000000011111111111111111111100000000000000000000000000011111111111111111111111111111111111111000000000000000000000000000000000000000000000000000000000000000000000111111111111111111111111111111111111111111111111111111
1111111100000000111111111111100000000000000000111111111111111111111100000000000000000000000000111111111111111111111111111111111111111000000000000000000000000000000000000000000000000000000000000000000001111111111111111111111111111111111111111111111111111111
1111111100000000111111111111100000000000000000111111111111111111111000000000000000000000000000111111111111111111111111111111111111110000000000000000000000000000000000000000000000000000000000000000000011111111111111111111111111111111111111111111111111111111
1111111100000000111111111111100000000000000000111111111111111111111000000000000000000000000000111111111111111111111111111111111111110000000000000000000000000000000000000000000000000000000000000000000111111111111111111111111111111111111111111111111111111111
1111111100000000111111111111100000000000000000111111111111111111111000000000000000000000000001111111111111111111111111111111111111100000000000000000000000000000000000000000000000000000000000000000001111111111111111111111111111111111111111111111111111111111
1111111100000000111111111111000000000000000000111111111111111111111000000000000000000000000001111111111111111111111111111111111111100000000000000000000000000000000000000000000000000000000000000000011111111111111111111111111111111111111111111111111111111111
1111111000000001111111111111000000000000000001111111111111111111110000000000000000000000000001111111111111111111111111111111111111000000000000000000000000000000000000000000000000000000000000000000111111111111111111111111111111111111111111111111111111111111
1111111000000001111111111111000000000000000001111111111111111111110000000000000000000000000011111111111111111111111111111111111111000000000000000000000000000000000000000000000000000000000000000001111111111111111111111111111111111111111111111111111111111111
1111111000000001111111111111000000000000000001111111111111111111110000000000000000000000000011111111111111111111111111111111111110000000000000000000000000000000000000000000000000000000000000000011111111111111111111111111111111111111111111111111111111111111
1111111000000001111111111111000000000000000001111111111111111111110000000000000000000000000011111111111111111111111111111111111110000000000000000000000000000000000000000000000000000000000000000111111111111111111111111111111111111111111111111111111111111111
1111111000000001111111111111000000000000000001111111111111111111100000000000000000000000000111111111111111111111111111111111111100000000000000000000000000000000000000000000000000000000000000001111111111111111111111111111111111111111111111111111111111111111
1111111000000001111111111110000000000000000011111111111111111111100000000000000000000000000111111111111111111111111111111111111100000000000000000000000000000000000000000000000000000000000000011111111111111111111111111111111111111111111111111111111111111111
1111111000000001111111111110000000000000000011111111111111111111100000000000000000000000000111111111111111111111111111111111111000000000000000000000000000000000000000000000000000000000000000111111111111111111111111111111111111111111111111111111111111111111
1111111000000001111111111110000000000000000011111111111111111111100000000000000000000000001111111111111111111111111111111111111000000000000000000000000000000000000000000000000000000000000001111111111111111111111111111111111111111111111111111111111111111111
1111111000000001111111111110000000000000000011111111111111111111000000000000000000000000001111111111111111111111111111111111110000000000000000000000000000000000000000000000000000000000000011111111111111111111111111111111111111111111111111111111111111111111
1111111000000011111111111110000000000000000011111111111111111111000000000000000000000000001111111111111111111111111111111111110000000000000000000000000000000000000000000000000000000000000111111111111111111111111111111111111111111111111111111111111111111111
1111111000000011111111111110000000000000000111111111111111111111000000000000000000000000011111111111111111111111111111111111100000000000000000000000000000000000000000000000000000000000001111111111111111111111111111111111111111111111111111111111111111111111
1111111000000011111111111100000000000000000111111111111111111111000000000000000000000000011111111111111111111111111111111111100000000000000000000000000000000000000000000000000000000000011111111111111111111111111111111111111111111111111111111111111111111111
1111110000000011111111111100000000000000000111111111111111111110000000000000000000000000011111111111111111111111111111111111000000000000000000000000000000000000000000000000000000000000111111111111111111111111111111111111111111111111111111111111111111111111
1111110000000011111111111100000000000000000111111111111111111110000000000000000000000000111111111111111111111111111111111111000000000000000000000000000000000000000000000000000000000001111111111111111111111111111111111111111111111111111111111111111111111111
1111110000000011111111111100000000000000000111111111111111111110000000000000000000000000111111111111111111111111111111111110000000000000000000000000000000000000000000000000000000000011111111111111111111111111111111111111111111111111111111111111111111111111
1111110000000011111111111100000000000000001111111111111111111110000000000000000000000000111111111111111111111111111111111110000000000000000000000000000000000000000000000000000000000111111111111111111111111111111111111111111111111111111111111111111111111111
1111110000000011111111111100000000000000001111111111111111111100000000000000000000000001111111111111111111111111111111111100000000000000000000000000000000000000000000000000000000001111111111111111111111111111111111111111111111111111111111111111111111111111
1111110000000011111111111000000000000000001111111111111111111100000000000000000000000001111111111111111111111111111111111100000000000000000000000000000000000000000000000000000000011111111111111111111111111111111111111111111111111111111111111111111111111111
1111110000000111111111111000000000000000001111111111111111111100000000000000000000000001111111111111111111111111111111111000000000000000000000000000000000000000000000000000000000111111111111111111111111111111111111111111111111111111111111111111111111111111
1111110000000111111111111000000000000000001111111111111111111100000000000000000000000011111111111111111111111111111111111000000000000000000000000000000000000000000000000000000001111111111111111111111111111111111111111111111111111111111111111111111111111111
1111110000000111111111111000000000000000011111111111111111111000000000000000000000000011111111111111111111111111111111110000000000000000000000000000000000000000000000000000000011111111111111111111111111111111111111111111111111111111111111111111111111111111
1111110000000111111111111000000000000000011111111111111111111000000000000000000000000011111111111111111111111111111111110000000000000000000000000000000000000000000000000000000111111111111111111111111111111111111111111111111111111111111111111111111111111111
1111110000000111111111111000000000000000011111111111111111111000000000000000000000000111111111111111111111111111111111100000000000000000000000000000000000000000000000000000001111111111111111111111111111111111111111111111111111111111111111111111111111111111
1111110000000111111111110000000000000000011111111111111111111000000000000000000000000111111111111111111111111111111111100000000000000000000000000000000000000000000000000000011111111111111111111111111111111111111111111111111111111111111111111111111111111111
1111100000000111111111110000000000000000011111111111111111110000000000000000000000000111111111111111111111111111111111000000000000000000000000000000000000000000000000000000111111111111111111111111111111111111111111111111111111111111111111111111111111111111
1111100000000111111111110000000000000000111111111111111111110000000000000000000000001111111111111111111111111111111111000000000000000000000000000000000000000000000000000001111111111111111111111111111111111111111111111111111111111111111111111111111111111111
1111100000000111111111110000000000000000111111111111111111110000000000000000000000001111111111111111111111111111111110000000000000000000000000000000000000000000000000000011111111111111111111111111111111111111111111111111111111111111111111111111111111111111
1111100000001111111111110000000000000000111111111111111111110000000000000000000000001111111111111111111111111111111110000000000000000000000000000000000000000000000000000111111111111111111111111111111111111111111111111111111111111111111111111111111111111111
1111100000001111111111110000000000000000111111111111111111100000000000000000000000011111111111111111111111111111111100000000000000000000000000000000000000000000000000001111111111111111111111111111111111111111111111111111111111111111111111111111111111111111
1111100000001111111111100000000000000000111111111111111111100000000000000000000000011111111111111111111111111111111100000000000000000000000000000000000000000000000000011111111111111111111111111111111111111111111111111111111111111111111111111111111111111111
1111100000001111111111100000000000000001111111111111111111100000000000000000000000011111111111111111111111111111111000000000000000000000000000000000000000000000000000111111111111111111111111111111111111111111111111111111111111111111111111111111111111111111
1111100000001111111111100000000000000001111111111111111111100000000000000000000000111111111111111111111111111111111000000000000000000000000000000000000000000000000001111111111111111111111111111111111111111111111111111111111111111111111111111111111111111111
1111100000001111111111100000000000000001111111111111111111000000000000000000000000111111111111111111111111111111110000000000000000000000000000000000000000000000000011111111111111111111111111111111111111111111111111111111111111111111111111111111111111111111
1111100000001111111111100000000000000001111111111111111111000000000000000000000000111111111111111111111111111111110000000000000000000000000000000000000000000000000111111111111111111111111111111111111111111111111111111111111111111111111111111111111111111111
1111100000001111111111100000000000000001111111111111111111000000000000000000000001111111111111111111111111111111100000000000000000000000000000000000000000000000001111111111111111111111111111111111111111111111111111111111111111111111111111111111111111111111
1111100000001111111111000000000000000011111111111111111110000000000000000000000001111111111111111111111111111111100000000000000000000000000000000000000000000000111111111111111111111111111111111111111111111111111111111111111111111111111111111111111111111111
